1.684792257090252265e+00 2.074794081884470565e+00 2.018942234604249819e+00 2.274038665283264482e+00 1.987272382228389311e+00 2.449213366559708227e+00 2.240781831289358816e+00 1.600720549991535790e+00 2.061627045454665907e+00 1.922456450662863858e+00 1.847471669190173804e+00 1.963413795927682060e+00 1.941587217039953073e+00 1.745400439761233935e+00 2.383508640379491617e+00 1.945357929391066332e+00 1.606725543588740646e+00 2.268179966123143210e+00 2.180747335197105397e+00 1.938735926644346685e+00
2.182432014141890697e+00 2.021455332847181374e+00 1.911898965570708819e+00 2.200446799617638227e+00 1.938959864416931467e+00 1.899423756429256205e+00 1.736145444420471140e+00 1.772459386255669234e+00 1.911004164231398406e+00 1.756919290262819677e+00 2.200503868219530368e+00 1.910261419650358894e+00 2.183536374505468114e+00 2.042902358654585804e+00 1.852854898612276369e+00 1.689908701169280159e+00 1.705820178157646305e+00 1.813371342310219125e+00 1.876185698832647297e+00 2.320940279930792105e+00
2.128925736895908916e+00 1.913309284543496913e+00 2.175937161831043465e+00 2.060506967832706149e+00 2.288165575646743388e+00 1.899803945867195143e+00 1.922816241501223322e+00 1.910043069469617993e+00 2.449784909611170569e+00 2.184740767991405708e+00 1.927183413560608516e+00 1.818366116626385365e+00 1.859408888063516452e+00 1.809443002306846848e+00 1.990010097530480415e+00 1.633249228130184250e+00 2.330734678637949475e+00 1.810192246579733100e+00 1.781644116083714202e+00 1.951179823829457094e+00
1.805109157512779783e+00 2.328347028807308039e+00 1.718700849158121491e+00 1.928129057460690854e+00 2.343527106380189906e+00 2.163202982559951248e+00 2.110498966631769058e+00 1.898250643039754548e+00 2.052444482512935764e+00 2.198842448173494724e+00 1.943642172772636068e+00 1.944108383311940136e+00 2.040234620804745713e+00 1.864759688271156124e+00 1.793273675419736923e+00 1.774771928716861513e+00 2.357354012052396808e+00 2.208331503637645188e+00 2.296025582400328613e+00 1.885508764085434441e+00
2.004084492752744584e+00 2.353546415337211872e+00 2.284552086451416830e+00 2.130451056058721537e+00 1.890622286655471385e+00 2.481309335382948955e+00 2.293383985483783860e+00 2.194383651094212961e+00 2.321151642351127808e+00 2.249434158991473254e+00 2.033896710087696125e+00 2.144764790174026992e+00 2.423669669998247844e+00 2.283976031862010370e+00 2.042734780357317259e+00 2.170223049361610368e+00 2.003365565682786897e+00 2.023357559333346156e+00 2.273138914878276573e+00 1.824498031706911938e+00
2.225162471210367254e+00 2.178767496927521918e+00 2.047023747311385478e+00 2.167093717505836015e+00 2.250243076016665178e+00 2.007262869749850687e+00 2.362066329936138409e+00 2.138815728995014265e+00 2.004333016520938315e+00 2.527327145880066350e+00 2.334990684360652491e+00 1.968536693346225164e+00 2.438714500345418923e+00 2.162462984557933066e+00 2.335597878908121316e+00 2.774547468724974930e+00 2.542306706650139692e+00 2.295034836569940673e+00 2.370998754409995080e+00 2.205944216681226866e+00
2.877801915125094201e+00 2.335693589975126105e+00 2.314032147027499153e+00 2.282982429845333172e+00 2.528607156129871747e+00 2.689620079789872165e+00 2.376882600393657619e+00 2.635656139180823310e+00 2.669488307018010875e+00 2.163772074184509897e+00 2.307036261061587545e+00 2.903818242992079579e+00 2.970428625530355138e+00 2.039591753808490893e+00 2.756523368582028510e+00 2.761095103837369891e+00 2.528865924624086325e+00 2.348075636260816612e+00 2.600064324979652230e+00 2.416441866062349231e+00
2.914615187153421161e+00 2.723450766238197929e+00 2.243041465535684509e+00 2.450449338137723476e+00 2.675955471055402768e+00 2.776037431085772500e+00 2.601018956104901747e+00 2.404634102400843965e+00 2.153303602615502133e+00 2.586133488697890392e+00 1.995234544391261355e+00 2.303002785053526402e+00 2.991109246070346117e+00 2.765745406669655182e+00 2.519950638117215203e+00 2.408748005691411009e+00 2.305319028701769746e+00 2.162194254815875460e+00 2.191793755693518531e+00 2.809922050120340131e+00
2.669101145527780439e+00 2.566820785075576428e+00 2.351151150036980386e+00 2.547522848207036006e+00 2.387850207850042317e+00 2.384764384386020453e+00 2.804157829648603162e+00 2.302464829104093003e+00 2.137378292826677573e+00 2.575381189195305343e+00 2.447867996741981855e+00 2.470823962422190156e+00 2.729938601616728633e+00 2.522671208277696309e+00 2.376744886949081259e+00 2.405819124284640953e+00 2.650230733290813045e+00 2.727903376151540105e+00 2.309246432518254899e+00 2.092524301840935408e+00
2.344949377454440764e+00 2.579151458478261993e+00 2.552636010275595169e+00 2.574760215322503321e+00 2.469814276850192947e+00 2.518078675612373640e+00 2.153453089951634869e+00 2.134243583391491672e+00 2.617615210454263153e+00 2.268439234706916885e+00 2.107959830928666456e+00 2.617739850024637605e+00 2.111715556704838903e+00 1.898185293716462052e+00 2.125424277186579669e+00 2.214795778736196485e+00 2.469721441950161189e+00 2.640476171505849123e+00 2.351579781705381400e+00 2.658328194651260912e+00
2.299619257877149270e+00 2.412654787282989322e+00 2.299880261678799886e+00 2.284664522848041113e+00 2.295366233670990574e+00 2.292519733701145590e+00 2.528490308407115972e+00 2.278499059079233557e+00 2.142044895836458185e+00 2.203150614995500245e+00 2.394310992243990910e+00 2.401336143667920364e+00 1.947497565526132846e+00 2.379535886466650929e+00 2.624012269626699645e+00 2.735248552691834867e+00 2.431065212094783767e+00 2.188690488241977317e+00 2.099695865841360032e+00 2.446068394536081048e+00
2.165965861272171722e+00 2.146524764508841443e+00 2.548085411565624181e+00 2.410409406606262461e+00 1.815194678924860083e+00 1.922989206953249708e+00 2.212136872018068079e+00 1.946353211912160042e+00 2.103872324403636807e+00 2.199295257521669544e+00 2.023825355184467600e+00 2.001151494319670654e+00 2.257564202867324177e+00 2.378181835265869015e+00 1.906647479025558534e+00 2.030300443756155371e+00 2.342815077492836462e+00 2.064677630364299521e+00 2.139167727046523915e+00 1.884119265252185871e+00
2.390577757711975337e+00 2.163300288730756638e+00 2.423142887100913523e+00 2.278962826214126824e+00 2.417991820849810569e+00 2.112113085867042273e+00 2.298379085797251697e+00 2.138787796346516501e+00 2.196250198688783684e+00 2.227086763410698111e+00 1.878428590139209264e+00 2.230325838247204651e+00 2.179061663370382984e+00 1.647510936841612983e+00 1.976780255022141164e+00 1.969306870336094528e+00 2.006960765774520539e+00 1.940659881401073816e+00 2.114764749712796821e+00 1.774643538846758295e+00
