1.684792257090252265e+00 2.074794081884470565e+00 2.018942234604249819e+00 2.274038665283264482e+00 1.987272382228389311e+00 2.449213366559708227e+00 2.240781831289358816e+00 1.600720549991535790e+00 2.061627045454665907e+00 1.922456450662863858e+00
2.182432014141890697e+00 2.021455332847181374e+00 1.911898965570708819e+00 2.200446799617638227e+00 1.938959864416931467e+00 1.899423756429256205e+00 1.736145444420471140e+00 1.772459386255669234e+00 1.911004164231398406e+00 1.756919290262819677e+00
2.128925736895908916e+00 1.913309284543496913e+00 2.175937161831043465e+00 2.060506967832706149e+00 2.288165575646743388e+00 1.899803945867195143e+00 1.922816241501223322e+00 1.910043069469617993e+00 2.449784909611170569e+00 2.184740767991405708e+00
1.805109157512779783e+00 2.328347028807308039e+00 1.718700849158121491e+00 1.928129057460690854e+00 2.343527106380189906e+00 2.163202982559951248e+00 2.110498966631769058e+00 1.898250643039754548e+00 2.052444482512935764e+00 2.198842448173494724e+00
2.004084492752744584e+00 2.353546415337211872e+00 2.284552086451416830e+00 2.130451056058721537e+00 1.890622286655471385e+00 2.481309335382948955e+00 2.293383985483783860e+00 2.194383651094212961e+00 2.321151642351127808e+00 2.249434158991473254e+00
2.225162471210367254e+00 2.178767496927521918e+00 2.047023747311385478e+00 2.167093717505836015e+00 2.250243076016665178e+00 2.007262869749850687e+00 2.362066329936138409e+00 2.138815728995014265e+00 2.004333016520938315e+00 2.527327145880066350e+00
2.877801915125094201e+00 2.335693589975126105e+00 2.314032147027499153e+00 2.282982429845333172e+00 2.528607156129871747e+00 2.689620079789872165e+00 2.376882600393657619e+00 2.635656139180823310e+00 2.669488307018010875e+00 2.163772074184509897e+00
2.914615187153421161e+00 2.723450766238197929e+00 2.243041465535684509e+00 2.450449338137723476e+00 2.675955471055402768e+00 2.776037431085772500e+00 2.601018956104901747e+00 2.404634102400843965e+00 2.153303602615502133e+00 2.586133488697890392e+00
2.669101145527780439e+00 2.566820785075576428e+00 2.351151150036980386e+00 2.547522848207036006e+00 2.387850207850042317e+00 2.384764384386020453e+00 2.804157829648603162e+00 2.302464829104093003e+00 2.137378292826677573e+00 2.575381189195305343e+00
2.344949377454440764e+00 2.579151458478261993e+00 2.552636010275595169e+00 2.574760215322503321e+00 2.469814276850192947e+00 2.518078675612373640e+00 2.153453089951634869e+00 2.134243583391491672e+00 2.617615210454263153e+00 2.268439234706916885e+00
2.299619257877149270e+00 2.412654787282989322e+00 2.299880261678799886e+00 2.284664522848041113e+00 2.295366233670990574e+00 2.292519733701145590e+00 2.528490308407115972e+00 2.278499059079233557e+00 2.142044895836458185e+00 2.203150614995500245e+00
2.165965861272171722e+00 2.146524764508841443e+00 2.548085411565624181e+00 2.410409406606262461e+00 1.815194678924860083e+00 1.922989206953249708e+00 2.212136872018068079e+00 1.946353211912160042e+00 2.103872324403636807e+00 2.199295257521669544e+00
2.390577757711975337e+00 2.163300288730756638e+00 2.423142887100913523e+00 2.278962826214126824e+00 2.417991820849810569e+00 2.112113085867042273e+00 2.298379085797251697e+00 2.138787796346516501e+00 2.196250198688783684e+00 2.227086763410698111e+00
